output of a file,when we checks the output : " od -td -v abc.txt"
0000000           0           0           0           0
0000020          16           1           0           0
0000040          32           2           0           0
0000060          48           3           0           0
0000100          64           4           0           0
0000120          80           5           0           0
0000140          96           6           0           0
0000160         112           7           0           0
0000200         128           8           0           0
0000220         144           9           0           0
0000240         160          10           0           0
0000260         176          11           0           0
0000300         192          12           0           0
0000320         208          13           0           0
0000340         224          14           0           0
0000360         240          15           0           0
0000400

